1 0.4951171875 0.8583984375 0.275390625 0.2041015625
1 0.2763671875 0.6826171875 0.1982421875 0.091796875
1 0.3359375 0.6181640625 0.123046875 0.046875
1 0.7626953125 0.62890625 0.2197265625 0.103515625
1 0.4873046875 0.6796875 0.203125 0.1005859375
1 0.0732421875 0.8154296875 0.146484375 0.197265625
1 0.41015625 0.572265625 0.146484375 0.0625
1 0.4404296875 0.521484375 0.158203125 0.0498046875
1 0.4736328125 0.4912109375 0.1416015625 0.0322265625
1 0.92578125 0.5380859375 0.13671875 0.052734375
1 0.7705078125 0.4306640625 0.09765625 0.0244140625
2 0.8916015625 0.4130859375 0.1787109375 0.287109375
2 0.669921875 0.3369140625 0.255859375 0.125