1 0.5537109375 0.919921875 0.28125 0.16015625
1 0.2041015625 0.595703125 0.15234375 0.0888671875
1 0.4326171875 0.5576171875 0.1845703125 0.08984375
1 0.25 0.517578125 0.1171875 0.0576171875
1 0.30859375 0.490234375 0.1044921875 0.052734375
1 0.416015625 0.5029296875 0.1240234375 0.044921875
1 0.7568359375 0.5048828125 0.2080078125 0.0947265625
1 0.615234375 0.412109375 0.0634765625 0.0341796875
1 0.8837890625 0.4248046875 0.087890625 0.05859375
1 0.978515625 0.486328125 0.04296875 0.0703125
1 0.748046875 0.40234375 0.0439453125 0.025390625
1 0.6845703125 0.365234375 0.0634765625 0.0234375
1 0.3466796875 0.4462890625 0.08984375 0.064453125
1 0.4462890625 0.392578125 0.05859375 0.029296875
1 0.38671875 0.40234375 0.142578125 0.04296875
2 0.82421875 0.3359375 0.1689453125 0.2890625
2 0.9560546875 0.13671875 0.087890625 0.109375
2 0.6513671875 0.2939453125 0.19140625 0.1728515625
0 0.634765625 0.4453125 0.1025390625 0.0390625