1 0.2470703125 0.5625 0.1396484375 0.0546875
1 0.1201171875 0.654296875 0.1923828125 0.0966796875
1 0.3896484375 0.5703125 0.181640625 0.0927734375
1 0.287109375 0.73046875 0.1650390625 0.119140625
1 0.390625 0.6572265625 0.224609375 0.0830078125
1 0.732421875 0.6240234375 0.2412109375 0.08203125
1 0.3212890625 0.47265625 0.05859375 0.0341796875
1 0.8759765625 0.4384765625 0.0986328125 0.0556640625
1 0.40234375 0.4736328125 0.111328125 0.041015625
1 0.419921875 0.421875 0.076171875 0.0263671875
1 0.7041015625 0.3798828125 0.0537109375 0.0478515625
1 0.7744140625 0.39453125 0.056640625 0.03125
2 0.8173828125 0.30078125 0.126953125 0.1904296875
2 0.9580078125 0.1298828125 0.0830078125 0.0830078125
2 0.705078125 0.33984375 0.173828125 0.203125
2 0.66796875 0.2783203125 0.2314453125 0.0673828125